480.068,[ 7.99988066e-01  1.00000284e-02  5.60026342e+00  3.94429662e-06
  9.42968127e-04  2.27881816e-03  6.00000000e-03  4.00000011e-02
 -3.00000000e-01 -5.00000000e-04  4.64669769e-05 -1.35141845e-07]
489.993,[ 7.99993918e-01  1.00000137e-02  5.60013510e+00 -1.23089994e-05
  1.08741165e-03  2.24992726e-03  6.00000000e-03  4.00000014e-02
 -3.00000000e-01 -5.00000000e-04  4.02022909e-05 -1.59993588e-07]
499.929,[ 7.99996577e-01  1.00000136e-02  5.60007323e+00  1.75965542e-05
  1.68375859e-03  4.48296279e-03  6.00000000e-03  3.99999987e-02
  7.00000000e-01 -5.00000000e-04  1.71179712e-05 -1.33075609e-06]
509.877,[ 6.68255667e-01  9.94108249e-03  8.51475754e+00 -1.15766532e-05
 -1.69185551e-03  5.11575616e-02 -4.09274507e+01  3.99992875e-02
  7.07962384e-01  6.20093119e-04 -2.02309661e-05 -2.33705190e-07]
519.836,[ 3.90696665e-01  9.81481228e-03  9.50784191e+00 -1.57646433e-05
 -1.71674020e-03  1.09181636e-01 -1.01888276e+02  3.99994246e-02
  7.39967756e-01  7.65007016e-04 -1.84591283e-05  3.06229728e-09]
529.806,[ 7.99997019e-01  1.00000113e-02  5.60005595e+00  3.76140815e-05
  2.21946572e-03  4.76190008e-03  6.00000000e-03  3.99999990e-02
  8.00000000e-01 -5.00000000e-04  3.31323870e-05  7.18863642e-07]
539.788,[ 6.21962645e-01  9.91782064e-03  6.10814506e+00 -1.81817217e-05
  2.21549219e-03  1.41011168e-02 -6.16436139e+00  3.99970841e-02
  8.39827395e-01 -4.26742225e-05  3.32970414e-05 -2.47325478e-07]
549.781,[ 6.23835417e-01  9.91262108e-03  8.32423848e+00 -1.08770583e-05
  1.86599846e-03  2.55665150e-02 -1.79885265e+01  3.99981122e-02
  8.51888873e-01  3.04071025e-05  2.92296260e-05 -4.30486870e-08]
559.786,[ 5.80993177e-01  9.88681833e-03  9.51408061e+00 -2.18118390e-05
  1.27639391e-03  4.09133564e-02 -3.54565224e+01  3.99967702e-02
  8.47807374e-01 -2.95909710e-05  2.21205303e-05 -6.60105482e-08]
569.802,[ 5.64725540e-01  9.88169340e-03  8.00591150e+00 -6.22895939e-06
  1.95956472e-03  2.66804100e-02 -1.84705086e+01  3.99965324e-02
  8.71794995e-01 -1.38448139e-04  1.94615174e-05  7.40050391e-08]
579.829,[ 8.00004616e-01  9.99998734e-03  5.59990928e+00  6.44793909e-05
  2.70558948e-03  3.58693018e-03  6.00000000e-03  3.99999999e-02
  9.00000000e-01 -5.00000000e-04  5.65965699e-05  2.30383726e-06]
589.868,[ 8.00003697e-01  9.99999055e-03  5.59992765e+00  8.68878851e-05
  2.66384461e-03  3.48126173e-03  6.00000000e-03  3.99999999e-02
  9.00000000e-01 -5.00000000e-04  5.44401951e-05  1.99967629e-06]
