489.993,[ 7.99995209e-01  1.00000107e-02  5.60010106e+00 -1.15560106e-04
  1.20720540e-03  2.03645506e-03  6.00000000e-03  4.00000023e-02
 -3.00000000e-01]
499.929,[ 7.99996842e-01  1.00000126e-02  5.60006975e+00 -1.35939918e-05
  1.89583524e-03  4.51481265e-03  6.00000000e-03  3.99999989e-02
  7.00000000e-01]
509.877,[ 9.31878765e-02  9.85560246e-03  8.12266853e+00 -2.27287692e-06
  7.54160961e-04  1.66144498e-01 -1.32610645e+02  3.99621839e-02
  7.49866965e-01]
519.836,[ 2.65917743e-01  9.76252647e-03  9.09198063e+00 -9.05067922e-06
  3.46504491e-04  8.82793363e-02 -7.83284640e+01  3.99987666e-02
  7.47930655e-01]
529.806,[7.99996887e-01 1.00000114e-02 5.60006317e+00 1.74917222e-05
 2.26522206e-03 5.00732737e-03 6.00000000e-03 3.99999990e-02
 8.00000000e-01]
539.788,[ 5.89595465e-01  9.89883753e-03  1.33501648e+01 -4.92694256e-06
  1.04154685e-03  5.39983739e-02 -6.72911307e+01  3.99985611e-02
  8.47915174e-01]
549.781,[ 7.09557623e-01  9.94730755e-03  1.26788241e+01  1.05189476e-06
  3.25877028e-04  5.99328700e-02 -7.11710596e+01  3.99995816e-02
  8.47974578e-01]
559.786,[ 4.79165328e-01  9.66032105e-03  2.11657275e+01 -5.70755085e-06
  3.42309014e-04  1.46562143e-01 -3.12096999e+02  4.00007161e-02
  8.88037911e-01]
569.802,[ 4.73863317e-01  9.36885746e-03  2.23913314e+01  4.32971902e-07
  4.90626714e-04  1.50494375e-01 -3.50309946e+02  4.00020264e-02
  9.00121530e-01]
579.829,[8.00004067e-01 9.99998887e-03 5.59992466e+00 5.60738845e-05
 2.56782693e-03 3.94595283e-03 6.00000000e-03 3.99999995e-02
 9.00000000e-01]
589.868,[8.00003285e-01 9.99999175e-03 5.59993748e+00 6.99108932e-05
 2.56153768e-03 3.66966634e-03 6.00000000e-03 3.99999995e-02
 9.00000000e-01]
