480.068,[1.26964432e+00 1.36820990e-01 1.67613776e-01 1.52320064e-05
 1.94775860e-03 1.44752908e-03 5.63600338e-03 2.93255146e-02]
489.993,[ 6.91986274e-01  1.99350001e-01 -1.26844948e-02  5.51303683e-06
  1.82999045e-03  1.72240183e-03  7.28613179e-03  3.11526456e-02]
499.929,[ 2.62727329e+00  1.85262151e-01  3.62187570e+00 -3.13890568e-05
  7.19650434e-04  3.59115521e-03 -1.18339968e-02  2.83286141e-02]
509.877,[ 2.11663393e+00  2.95393557e-01  4.44676021e+00 -1.21482319e-05
  1.14943617e-03  4.38523262e-03 -9.28789270e-03  2.99401208e-02]
519.836,[ 2.11663393e+00  2.95393557e-01  4.44676021e+00 -1.21482319e-05
  1.14943617e-03  4.38523262e-03 -9.28789270e-03  2.99401208e-02]
529.806,[-5.38817771e-01  1.73063479e-01 -1.03877637e+00 -2.40503080e-05
  2.78804603e-03  1.15249446e-03  6.85471546e-03  3.28947355e-02]
539.788,[ 8.31246808e+00  5.02604847e-03  5.68125047e+00 -2.74890727e-05
  2.99755100e-04  3.69078190e-03 -2.64759882e-02  3.30631069e-02]
549.781,[ 1.57711077e+00  3.09151514e-01  2.26010231e+00 -4.84177282e-06
  2.36170174e-03  5.93125648e-03 -7.62055369e-03  3.89105057e-02]
559.786,[ 9.03793603e-01  3.37123917e-01  1.64713015e+00 -2.34991940e-05
  2.84580355e-03  5.28998460e-03  1.49162035e-03  3.59712204e-02]
569.802,[ 9.54123131e-01  3.69163548e-01  1.74236621e+00 -1.23349658e-05
  2.78576562e-03  5.29464060e-03  9.37862775e-04  3.64963468e-02]
579.829,[1.38843199e-01 3.31239166e-01 1.91708027e+00 1.73782833e-05
 3.40719007e-03 4.75023194e-03 3.90400451e-03 3.38983044e-02]
589.868,[-2.76962083e-02  2.74225911e-01  1.06332899e-01  3.62175510e-05
  3.24400755e-03  3.16761761e-03  9.23356447e-03  3.43642610e-02]
