480.068,[ 3.51147884e-01  6.50191219e-01  3.74392667e+00  1.50020792e-03
  1.28028461e-03 -9.31941798e-04  1.64721564e-02  2.74725279e-02]
489.993,[-6.59818099e-02  5.10992451e-02 -1.98531486e+00  1.81814619e-03
  1.83561756e-03  9.46354808e-04  6.84964638e-03  2.90578374e-02]
499.929,[ 0.07275917  0.01660159 -0.75185141  0.0019955   0.00198146  0.00153146
  0.00645194  0.0288863 ]
509.877,[ 0.06132248  0.08976715 -0.35948978  0.00207325  0.00206139  0.00136117
  0.00490225  0.02864953]
519.836,[-0.01425202  0.08211893 -0.29692021  0.00241866  0.00241002  0.00245642
  0.00363499  0.0282852 ]
529.806,[ 0.48352456  0.13827829 -0.397862    0.00229463  0.00229531  0.00228385
  0.0028122   0.02835075]
539.788,[ 0.35936192  0.02459867 -0.20326968  0.00227147  0.00223014  0.00204483
 -0.00156224  0.02881826]
549.781,[ 1.18285991e-01 -6.08836091e-02 -2.67181586e+00  2.18051241e-03
  2.19199403e-03  2.42438956e-03  2.01013928e-03  2.91270230e-02]
559.786,[0.05599953 0.1704851  0.07664287 0.00202346 0.00203209 0.00235458
 0.00300125 0.02898898]
569.802,[-9.30188046e-03  8.86163040e-02  1.02467804e+00  1.85363537e-03
  1.85085037e-03 -6.30218317e-04  2.06342498e-04  2.92314211e-02]
579.829,[ 0.02332788  0.00487952 -0.18503327  0.00180384  0.0017835   0.00059891
  0.00461459  0.0296207 ]
589.868,[-0.00826517 -0.6028937  -1.11705735  0.00153567  0.00151865  0.00374275
  0.00145419  0.02991039]
